0.9252489346524944
0.17865175099476524
0.09000721883190715
0.06844623509146597
0.04561439656207095
0.040336974289106285
0.03286728476498114
0.0313977792089724
0.02975346988633923
0.022344760766819766
0.01966585798047321
0.022244939667618147
0.01446391932423348
0.015085334520604786
0.012298555155385934
0.011587631726212314
0.0070122620475518965
0.006533664030923873
0.007061825133100881
0.005371297600567745
0.007575273941493715
0.006910473962425781
0.0028106699621750285
0.003254883942882652
0.00156150234536693
0.003238626973799673
0.0021158212871776653
0.0010921279910531745
0.0007352999004702408
0.0005676178478651032
0.00046866990508177603
0.0003683913280838169
0.00031711449561913944
0.0002682912769555317
0.00022998491441957532
0.0002182570349680685
0.0001894819945332331
0.00016732813651881018
0.00015473063306316084
0.00014072319647074556
0.00012774239664355738
0.00011821177749484575
0.00010599129377426478
9.687714710193888e-05
8.784389493761726e-05
8.265775976052163e-05
7.634355862809689e-05
7.260487242171581e-05
6.462981384728387e-05
6.11090895171915e-05
5.5674530212063866e-05
5.181805390748195e-05
4.7868881278112026e-05
4.505276043030039e-05
4.209150689427548e-05
3.9648900114432605e-05
3.566897009833432e-05
3.3986638790457104e-05
3.163452610865731e-05
2.9452009592837977e-05
2.715908927791094e-05
2.5557708850892198e-05
2.386294819070431e-05
2.2404395764644266e-05
2.0922052289793298e-05
1.9611921842347922e-05
1.8479021776368862e-05
1.76821238394199e-05
1.60080810216997e-05
1.5028222455641851e-05
1.3921190744124191e-05
1.334333001859309e-05
1.236026164406212e-05
1.1665331796551903e-05
1.0912605213651777e-05
1.0213219364073745e-05
9.70347153112095e-06
9.021905492298411e-06
8.682935217423263e-06
8.08078540775687e-06
7.336246141636841e-06
6.963540155756282e-06
6.51602896418215e-06
6.046071095387679e-06
5.7281935695478435e-06
5.363702724065186e-06
5.099000891870832e-06
4.7227610524635605e-06
4.402101756014694e-06
4.119380620344916e-06
3.876132391071777e-06
3.609642270851549e-06
3.4449135247759052e-06
3.237866245280716e-06
3.00516707106315e-06
2.83134645146872e-06
2.6479537817304726e-06
2.506130499568826e-06
2.4080928201526507e-06
2.1904370031655203e-06
2.054329283767046e-06
1.955464068467573e-06
1.8197021038600802e-06
1.7256038730643605e-06
1.6013810003958339e-06
1.4998051503188555e-06
1.4128819899546532e-06
1.3288604088262693e-06
1.2457451747571252e-06
1.1747227236098653e-06
1.1109091874657125e-06
1.0506172491600212e-06
9.847556112696981e-07
9.191173262479424e-07
8.649581495181179e-07
8.159724267858585e-07
7.653807867684562e-07
7.180286334203075e-07
6.737976724974467e-07
6.340645508929732e-07
5.887274824090128e-07
5.516555182052601e-07
5.128040386451808e-07
4.790036172153123e-07
4.495762739323887e-07
4.2277753159989676e-07
3.9583297156359947e-07
3.7225729025304526e-07
3.442738281354769e-07
3.225029544751123e-07
3.049733437691153e-07
2.808539423056019e-07
2.670634692020465e-07
2.448645223358139e-07
2.2941962480098997e-07
2.1035129314530263e-07
1.9717399957787916e-07
1.8476716906226773e-07
1.7189299623880842e-07
1.6244096630904767e-07
1.5129983150013291e-07
1.4455036038092974e-07
1.3773377899462462e-07
1.2555835958185366e-07
1.1778384184115409e-07
1.0508548654634662e-07
9.828973180093647e-08
9.135977240040792e-08
8.493423699617175e-08
7.963091180461452e-08
7.357327431347842e-08
6.870726329906249e-08
6.540772338047913e-08
6.07383918928344e-08
5.628193148633836e-08
5.280422490372416e-08
4.876888455972112e-08
4.6505944892184854e-08
4.356736568999076e-08
4.081852012722434e-08
3.848616641223123e-08
3.613992935445355e-08
3.383996968246404e-08
3.11767353556724e-08
2.9617204816182027e-08
2.77846408026011e-08
2.606545487468405e-08
2.4235204745452945e-08
2.3122245950763195e-08
2.1345213909439587e-08
2.0303983994590417e-08
1.8968896137896622e-08
1.7839740213579006e-08
1.648151393044465e-08
1.5405576233053763e-08
1.4604986267717442e-08
1.3616974661854959e-08
1.2691436911067168e-08
1.2027363671191191e-08
1.1141161390550218e-08
1.040767269275146e-08
9.81995617189074e-09
9.042504524868912e-09
8.669975639834419e-09
7.783773248171143e-09
7.34645657737239e-09
6.95078920990348e-09
6.388525046172889e-09
5.974346856843142e-09
5.643467028958604e-09
5.0418674752103364e-09
4.750323081752398e-09
4.412501783281124e-09
4.074680457778334e-09
3.4823362502779255e-09
3.3620163348942973e-09
2.9362689352405037e-09
2.7233952175534973e-09
2.6146445260096746e-09
2.4133400514707e-09
2.209721706097659e-09
2.0894017936102647e-09
1.9135495902798128e-09
1.9598264923969135e-09
1.7006758774198632e-09
1.716872788864768e-09
1.5225098399409747e-09
1.4276422092816277e-09
1.3929345454855024e-09
1.198571586907596e-09
1.1337839324392749e-09
1.0412301426862437e-09
9.394209690343117e-10
8.584364040864972e-10
7.681964610322498e-10
6.64073446474002e-10
6.316796216533698e-10
5.553227423798321e-10
5.854027262941486e-10
4.3731666114464065e-10
4.3731666114464065e-10
4.3731666114464065e-10
3.5633209330059215e-10
3.077413541388212e-10
2.9154444076309375e-10
2.753475273873663e-10
2.290706320281451e-10
2.290706320281451e-10
2.2675678726018404e-10
1.2957530700581944e-10
1.1337839363009202e-10
9.718148025436459e-11
1.1337839363009202e-10
8.098456687863715e-11
8.098456687863715e-11
9.718148025436459e-11
9.718148025436459e-11
4.8590740127182293e-11
4.8590740127182293e-11
4.8590740127182293e-11
4.8590740127182293e-11
6.478765350290972e-11
9.718148025436459e-11
4.8590740127182293e-11
3.239382675145486e-11
4.8590740127182293e-11
4.8590740127182293e-11
3.239382675145486e-11
3.239382675145486e-11
1.619691337572743e-11
1.619691337572743e-11
3.239382675145486e-11
0.0
0.0
0.0
0.0
1.619691337572743e-11
0.0
1.619691337572743e-11
0.0
0.0
0.0
0.0
0.0
0.0
0.0
0.0
1.619691337572743e-11
0.0
1.619691337572743e-11
0.0
0.0
0.0
0.0
0.0
0.0
0.0
0.0
0.0
0.0
0.0
0.0
0.0
0.0
0.0
0.0
0.0
0.0
0.0
0.0
0.0
0.0
0.0
0.0
0.0
0.0
0.0
0.0
0.0
0.0
0.0
0.0
0.0
0.0
0.0
0.0
0.0
0.0
0.0
0.0
0.0
0.0
0.0
0.0
0.0
0.0
0.0
0.0
0.0
0.0
0.0
0.0
0.0
0.0
0.0
0.0
0.0
0.0
0.0
0.0
0.0
0.0
0.0
0.0
0.0
0.0
0.0
0.0
0.0
0.0
0.0
0.0
0.0
0.0
0.0
0.0
0.0
0.0
0.0
0.0
0.0
0.0
0.0
0.0
0.0
0.0
0.0
0.0
0.0
0.0
0.0
0.0
0.0
0.0
0.0
0.0
0.0
0.0
0.0
0.0
0.0
0.0
0.0
0.0
0.0
0.0
0.0
0.0
0.0
0.0
0.0
0.0
0.0
0.0
0.0
0.0
0.0
0.0
0.0
0.0
0.0
0.0
0.0
0.0
0.0
0.0
0.0
0.0
0.0
0.0
0.0
0.0
0.0
0.0
0.0
0.0
0.0
0.0
0.0
0.0
0.0
0.0
0.0
0.0
0.0
0.0
0.0
0.0
0.0
0.0
0.0
0.0
0.0
0.0
0.0
0.0
0.0
0.0
0.0
0.0
0.0
0.0
0.0
0.0
0.0
0.0
0.0
0.0
0.0
0.0
0.0
0.0
0.0
0.0
0.0
0.0
0.0
0.0
0.0
0.0
0.0
0.0
0.0
0.0
0.0
0.0
0.0
0.0
0.0
0.0
0.0
0.0
0.0
0.0
0.0
0.0
0.0
0.0
0.0
0.0
0.0
0.0
0.0
0.0
0.0
0.0
0.0
0.0
0.0
0.0
0.0
0.0
0.0
0.0
0.0
0.0
0.0
0.0
0.0
0.0
0.0
0.0
0.0
0.0
0.0
0.0
0.0
0.0
0.0
0.0
0.0
0.0
0.0
0.0
0.0
0.0
0.0
0.0
0.0
0.0
0.0
0.0
0.0
0.0
0.0
0.0
0.0
0.0
0.0
0.0
0.0
0.0
0.0
0.0
0.0
0.0
0.0
0.0
0.0
0.0
0.0
0.0
0.0
0.0
0.0
0.0
0.0
0.0
0.0
0.0
0.0
0.0
0.0
0.0
0.0
0.0
0.0
0.0
0.0
0.0
0.0
0.0
0.0
0.0
0.0
0.0
0.0
0.0
0.0
0.0
0.0
0.0
0.0
0.0
0.0
0.0
0.0
0.0
0.0
0.0
0.0
0.0
0.0
0.0
0.0
0.0
0.0
0.0
0.0
0.0
0.0
0.0
0.0
0.0
0.0
0.0
0.0
0.0
0.0
0.0
0.0
0.0
0.0
0.0
0.0
0.0
0.0
0.0
0.0
0.0
0.0
0.0
0.0
0.0
0.0
0.0
0.0
0.0
0.0
0.0
0.0
0.0
0.0
0.0
0.0
0.0
0.0
0.0
0.0
0.0
0.0
0.0
0.0
0.0
0.0
0.0
0.0
0.0
0.0
0.0
0.0
0.0
0.0
0.0
0.0
0.0
0.0
0.0
0.0
0.0
0.0
0.0
0.0
0.0
0.0
0.0
0.0
0.0
0.0
0.0
0.0
0.0
0.0
0.0
0.0
0.0
0.0
0.0
0.0
0.0
0.0
0.0
0.0
0.0
0.0
0.0
0.0
0.0
0.0
0.0
0.0
0.0
0.0
0.0
0.0
0.0
0.0
0.0
0.0
0.0
0.0
0.0
0.0
0.0
0.0
0.0
0.0
0.0
0.0
0.0
0.0
0.0
0.0
0.0
0.0
0.0
0.0
0.0
0.0
0.0
0.0
0.0
0.0
0.0
0.0
0.0
0.0
0.0
0.0
0.0
0.0
0.0
0.0
0.0
0.0
0.0
0.0
0.0
0.0
0.0
0.0
0.0
0.0
0.0
0.0
0.0
0.0
0.0
0.0
0.0
0.0
0.0
0.0
0.0
0.0
0.0
0.0
0.0
0.0
0.0
0.0
0.0
0.0
0.0
0.0
0.0
0.0
0.0
0.0
0.0
0.0
0.0
0.0
0.0
0.0
0.0
0.0
0.0
0.0
0.0
0.0
0.0
0.0
0.0
0.0
0.0
0.0
0.0
0.0
0.0
0.0
0.0
0.0
0.0
0.0
0.0
0.0
0.0
0.0
0.0
0.0
0.0
0.0
0.0
0.0
0.0
0.0
0.0
0.0
0.0
0.0
0.0
0.0
0.0
0.0
0.0
0.0
0.0
0.0
0.0
0.0
0.0
0.0
0.0
0.0
0.0
0.0
0.0
0.0
0.0
0.0
0.0
0.0
0.0
0.0
0.0
0.0
0.0
0.0
0.0
0.0
0.0
0.0
0.0
0.0
0.0
0.0
0.0
0.0
0.0
0.0
0.0
0.0
0.0
0.0
0.0
0.0
0.0
0.0
0.0
0.0
0.0
0.0
0.0
0.0
0.0
0.0
0.0
0.0
0.0
0.0
0.0
0.0
0.0
0.0
0.0
0.0
0.0
0.0
0.0
0.0
0.0
0.0
0.0
0.0
0.0
0.0
0.0
0.0
0.0
0.0
0.0
0.0
0.0
0.0
0.0
0.0
0.0
0.0
0.0
0.0
0.0
0.0
0.0
0.0
0.0
0.0
0.0
0.0
0.0
0.0
0.0
0.0
0.0
0.0
0.0
0.0
0.0
0.0
0.0
0.0
0.0
0.0
0.0
0.0
0.0
0.0
0.0
0.0
0.0
0.0
0.0
0.0
0.0
0.0
0.0
0.0
0.0
0.0
0.0
0.0
0.0
0.0
0.0
0.0
0.0
0.0
0.0
0.0
0.0
0.0
0.0
0.0
0.0
0.0
0.0
0.0
0.0
0.0
0.0
0.0
0.0
0.0
0.0
0.0
0.0
0.0
0.0
0.0
0.0
0.0
0.0
0.0
0.0
0.0
0.0
0.0
0.0
0.0
0.0
0.0
0.0
0.0
0.0
0.0
0.0
0.0
0.0
0.0
0.0
0.0
0.0
0.0
0.0
0.0
0.0
0.0
0.0
0.0
0.0
0.0
0.0
0.0
0.0
0.0
0.0
0.0
0.0
0.0
0.0
0.0
0.0
0.0
0.0
0.0
0.0
0.0
0.0
0.0
0.0
