0.6890642046928406
0.9488574266433716
0.9711642861366272
0.9767410159111023
0.983133852481842
0.9872143864631653
0.9896626472473145
0.9908868074417114
0.9893906712532043
0.9942872524261475
0.9914308786392212
0.9951033592224121
0.9960554838180542
0.9970076084136963
0.9974156618118286
0.9959194660186768
0.9960554838180542
0.996599555015564
0.9938791990280151
0.9986398220062256
0.995375394821167
0.9978237152099609
0.9993199110031128
1.0
1.0
1.0
1.0
1.0
1.0
1.0
1.0
1.0
1.0
1.0
1.0
1.0
1.0
1.0
1.0
1.0
1.0
1.0
1.0
1.0
1.0
1.0
1.0
1.0
1.0
1.0
1.0
1.0
1.0
1.0
1.0
1.0
1.0
1.0
1.0
1.0
1.0
1.0
1.0
1.0
1.0
1.0
1.0
1.0
1.0
1.0
1.0
1.0
1.0
1.0
1.0
1.0
1.0
1.0
1.0
1.0
1.0
1.0
1.0
1.0
1.0
1.0
1.0
1.0
1.0
1.0
1.0
1.0
1.0
1.0
1.0
1.0
1.0
1.0
1.0
1.0
