0.9568475557410199
0.1829303370869678
0.08769233819583187
0.06471429046891305
0.05016031121916097
0.037402690951105044
0.031016389839351177
0.026409158151110876
0.028455441920896586
0.021005405765026807
0.022985122868102854
0.014703517368711207
0.011901298865837896
0.009266575577709338
0.008761323111273511
0.011647492267555841
0.011243170589390818
0.010371197596111376
0.014753315125784391
0.00595927330255306
0.013364847436668756
0.007125279337481555
0.0036708062844927948
0.0013568711906175493
0.0008602019077997006
0.0007285700671870828
0.0006260915709350703
0.0005130093474492796
0.0004409573126948722
0.00038280494861638823
0.0003472773918790905
0.00030980035966343206
0.0002787417997277099
0.0002529769317808804
0.0002317831096424134
0.00020793383718346772
0.0001877477903769392
0.0001725300847876655
0.0001585919589991175
0.0001435702225970327
0.00013317370922658997
0.00012334604461616635
0.00011266426815342604
0.00010335446905114425
9.378936111992832e-05
8.70632953750749e-05
8.114293915518235e-05
7.849371504562442e-05
6.997422368959119e-05
6.47780872658705e-05
6.036135804922947e-05
5.546451164105826e-05
5.189024543695901e-05
4.868909445181287e-05
4.502060613088796e-05
4.178009585302789e-05
3.916908610098408e-05
3.705443647524352e-05
3.5554216312606437e-05
3.243489583205108e-05
3.05180062518364e-05
2.82964046203668e-05
2.6669020213455003e-05
2.4660943658407472e-05
2.3276773066280165e-05
2.1660905709406666e-05
2.0246588147805912e-05
1.889664987253997e-05
1.7625816108984114e-05
1.6474594865386555e-05
1.5473783099403827e-05
1.4546708351427577e-05
1.3586451808331059e-05
1.2910312200445965e-05
1.1787837539763449e-05
1.11597150546162e-05
1.0430273742594695e-05
9.720063662430418e-06
9.023156237320939e-06
8.54706887050428e-06
7.959209439001786e-06
7.463193107627297e-06
6.909125020525687e-06
6.487374993530861e-06
6.084415795355554e-06
5.700395398810582e-06
5.419301805886789e-06
5.006923331917357e-06
4.711389567052285e-06
4.4586972624370984e-06
4.133155539420841e-06
3.847945008008379e-06
3.6810220288553744e-06
3.426792071205336e-06
3.2007306582153947e-06
3.0600960124739565e-06
2.863476219238731e-06
2.6984921018795473e-06
2.5115528278943002e-06
2.383856630548626e-06
