0.7376224398612976
0.950217604637146
0.9730685353279114
0.9772850871086121
0.9813656210899353
0.9869423508644104
0.9888466000556946
0.9880304932594299
0.9915668964385986
0.9912948608398438
0.992927074432373
0.9948313236236572
0.9967355728149414
0.996599555015564
0.9945592880249023
0.9952393770217896
0.9960554838180542
0.9982317686080933
0.9979597330093384
0.9960554838180542
0.9960554838180542
0.9997279644012451
0.9998639822006226
0.9991838932037354
0.9998639822006226
1.0
1.0
1.0
1.0
1.0
1.0
1.0
1.0
1.0
1.0
1.0
1.0
1.0
1.0
1.0
1.0
1.0
1.0
1.0
1.0
1.0
1.0
1.0
1.0
1.0
1.0
1.0
1.0
1.0
1.0
1.0
1.0
1.0
1.0
1.0
1.0
1.0
1.0
1.0
1.0
1.0
1.0
1.0
1.0
1.0
1.0
1.0
1.0
1.0
1.0
1.0
1.0
1.0
1.0
1.0
1.0
1.0
1.0
1.0
1.0
1.0
1.0
1.0
1.0
1.0
1.0
1.0
1.0
1.0
1.0
1.0
1.0
1.0
1.0
1.0
