0.9415560001912324
0.19145181558054428
0.08460173979401589
0.06840577991274388
0.05228543630193757
0.040848118589138206
0.03533495482786194
0.030988266195535012
0.02643707015490888
0.023764416975293145
0.020025444585506036
0.01586990700477896
0.011994682861815976
0.010888973827494066
0.015156046326434159
0.013116379753868703
0.01197262147957783
0.0063772005347899445
0.005956073879497125
0.010780634206426127
0.009881364984144254
0.00215606280316538
0.0019065155965306431
0.003201340249506757
0.002123433143234528
0.0008689577286334142
0.0007518697290873641
0.0006690222713666077
0.000596849067369476
0.0005093923109993541
0.0004702413766568972
0.0003983695054953189
0.0003649462346600004
0.00027867125400402786
0.00025112044383169397
0.0002309599003005449
0.00020284637433613407
0.0002065516873224861
0.00017462194446125068
0.00016267814894292869
0.0001487802560365273
0.0001376996559290843
0.00012698793285855335
0.00011627247893003463
0.00010600210810915324
9.700185378871696e-05
8.945436134324511e-05
8.410782535540183e-05
7.699165316412489e-05
7.504814729264067e-05
6.932331402229307e-05
6.305010193381863e-05
5.950943281198345e-05
5.444669297266164e-05
5.111471623620119e-05
4.8625331154376595e-05
4.365871542256133e-05
4.055508990226688e-05
3.8316322728781454e-05
3.5522973097534344e-05
3.2840000360169066e-05
3.068001592707689e-05
2.908455573323527e-05
2.6805281081381154e-05
2.5415949328263474e-05
2.347714058170981e-05
2.180647040760327e-05
1.9855558769884975e-05
1.9790768095370603e-05
1.7386839574654637e-05
1.6887459961530428e-05
1.5499494178505343e-05
1.4042719355885588e-05
1.3203682666916512e-05
1.2957022167740987e-05
1.1720607347382137e-05
1.1311559101950083e-05
1.1028111855367847e-05
9.480043998970043e-06
8.956179679286004e-06
8.313123530372294e-06
7.938991274900416e-06
7.487741217830816e-06
7.025642919514845e-06
6.576139448161879e-06
6.173591650029108e-06
5.729545684674952e-06
5.42409329682414e-06
5.0392902316478125e-06
4.641377521021122e-06
4.507168398010001e-06
4.24636035582491e-06
4.022146244215432e-06
3.678922996147341e-06
3.4434340210756765e-06
3.316261661537915e-06
3.168448084461093e-06
2.900308892667849e-06
2.750863600538097e-06
2.5151701418943284e-06
